186
232
239
123
220
213
156
188
223
297
137
383
359
187
219
303
206
200
280
87
182
351
233
179
148
30
245
338
354
225
180
198
215
13
214
335
330
45
325
329
348
195
334
175
384
401
353
197
249
341
273
410
132
274
252
304
107
237
257
181
332
417
134
350
382
402
243
272
208
379
94
211
365
149
126
231
142
266
173
310
435
305
227
48
323
381
202
366
210
235
296
377
190
133
255
411
270
161
167
275
321
315
395
154
196
230
339
89
116
150
380
298
313
212
228
337
242
201
117
172
250
248
322
155
118
236
290
240
265
174
483
217
287
285
241
271
106
40
101
247
278
256
282
267
333
291
283
320
269
81
326
218
177
203
294
358
293
216
346
403
251
145
301
221
343
58
308
112
316
331
261
153
429
349
176
424
306
170
368
393
193
234
115
259
111
355
318
345
72
328
5
122
169
205
277
284
299
238
144
317
307
373
427
114
224
253
75
78
63
125
442
258
396
336
387
289
184
324
120
141
222
263
292
453
246
340
209
276
204
375
194
121
110
362
127
226
360
244
229
385
361
158
416
286
378
82
371
152
262
151
254
178
98
185
388
433
367
73
129
157
264
394
458
400
99
314
428
119
397
108
295
96
163
279
437
52
183
113
302
281
189
309
434
199
342
364
32
135
166
39
128
390
468
146
370
352
260
168
36
392