152
314
433
153
150
347
344
61
169
398
97
443
259
185
128
489
354
2
90
224
260
455
327
272
304
177
105
191
405
86
472
312
198
421
135
141
10
315
115
406
21
473
137
138
295
139
462
467
310
113
445
197
45
368
38
486
207
59
441
292
109
46
48
75
376
435
131
316
389
103
174
129
349
183
340
225
357
231
328
81
158
461
339
133
253
51
114
89
484
6
318
18
436
458
497
33
362
5
249
499
246
242
119
92
88
209
57
193
213
373
78
7
179
87
353
370
432
298
498
168
359
371
477
245
223
428
332
379
49
172
468
234
444
217
160
265
410
227
262
358
381
65
69
200
372
41
186
392
407
430
308
456
216
55
74
50
3
346
27
47
399
364
500
324
335
483
222
351
17
171
271
40
52
163
363
14
112
192
309
417
255
70
385
85
226
301
434
230
248
323
384
12
155
116
237
427
348
62
361
247
