339
235
219
286
196
199
292
159
226
169
385
296
215
253
268
186
164
160
135
218
349
142
436
387
221
178
201
146
257
434
255
333
152
288
270
331
321
344
131
185
444
244
193
289
195
134
259
350
17
304
282
229
310
353
261
205
303
325
307
294
254
240
188
316
204
133
323
386
369
287
143
300
274
123
273
301
302
230
125
299
367
335
320
276
324
281
177
151
211
117
148
340
275
120
234
263
341
241
250
283
165
272
330
337
328
247
216
266
277
271
104
262
365
427
359
231
176
265
94
373
285
139
93
187
297
305
214
163
192
157
251
355
179
144
154
138
55
111
3
210
260
128
252
56
249
351
42
243
356
130
290
227
279
242
394
278
228
132
182
405
376
462
361
319
168
220
342
475
239
418
419
58
161
233
377
390
175
200
295
191
206
425
181
248
202
170
345
354
372
343
184
312
158
317
88
267
360
245
311
336